# RNA / DNA structure similarity based on RIBOSUM85-60. here we use the notation that comparing internal structrue (i.e. Bulges and Internal loops)
# Gains scores 
#
# Uses ambiguous nucleotide codes
#
#
# This 

	A|A	A|C	A|G	A|U	C|A	C|C	C|G	C|U	G|A	G|C	G|G	G|U	U|A	U|C	U|G	U|U	B|R	B|L	I|N	_|_
A|A	-2.49	-7.04	-8.24	-4.32	-8.84	-14.37	-4.68	-12.64	-6.86	-5.03	-8.39	-5.84	-4.01	-11.32	-6.16	-9.05	0	0	0	-1
A|C	-7.04	-2.11	-8.89	-2.04	-9.37	-9.08	-5.86	-10.45	-9.73	-3.81	-11.05	-4.72	-5.33	-8.67	-6.93	-7.83	0	0	0	-1
A|G	-8.24	-8.89	-0.8	-5.13	-10.41	-14.53	-4.57	-10.14	-8.61	-5.77	-5.38	-6.6	-5.43	-8.87	-5.94	-11.07	0	0	0	-1
A|U	-4.32	-2.04	-5.13	4.49	-5.56	-6.71	1.67	-5.17	-5.33	2.7	-5.61	0.59	1.61	-4.81	-0.51	-2.98	0	0	0	-1
C|A	-8.84	-9.37	-10.41	-5.56	-5.13	-10.45	-3.57	-8.49	-7.98	-5.95	-11.36	-7.93	-2.42	-7.08	-5.63	-8.39	0	0	0	-1
C|C	-14.37	-9.08	-14.53	-6.71	-10.45	-3.59	-5.71	-5.77	-12.43	-3.7	-12.58	-7.88	-6.88	-7.4	-8.41	-5.41	0	0	0	-1
C|G	-4.68	-5.86	-4.57	1.67	-3.57	-5.71	5.36	-4.96	-6	2.11	-4.66	-0.27	2.75	-4.91	1.32	-3.67	0	0	0	-1
C|U	-12.64	-10.45	-10.14	-5.17	-8.49	-5.77	-4.96	-2.28	-7.71	-5.84	-13.69	-5.61	-4.72	-3.83	-7.36	-5.21	0	0	0	-1
G|A	-6.86	-9.73	-8.61	-5.33	-7.98	-12.43	-6	-7.71	-1.05	-4.88	-8.67	-6.1	-5.85	-6.63	-7.55	-11.54	0	0	0	-1
G|C	-5.03	-3.81	-5.77	2.7	-5.95	-3.7	2.11	-5.84	-4.88	5.62	-4.13	1.21	1.6	-4.49	-0.08	-3.9	0	0	0	-1
G|G	-8.39	-11.05	-5.38	-5.61	-11.36	-12.58	-4.66	-13.69	-8.67	-4.13	-1.98	-5.77	-5.75	-12.01	-4.27	-10.79	0	0	0	-1
G|U	-5.84	-4.72	-6.6	0.59	-7.93	-7.88	-0.27	-5.61	-6.1	1.21	-5.77	3.47	-0.57	-5.3	-2.09	-4.45	0	0	0	-1
U|A	-4.01	-5.33	-5.43	1.61	-2.42	-6.88	2.75	-4.72	-5.85	1.6	-5.75	-0.57	4.97	-2.98	1.14	-3.39	0	0	0	-1
U|C	-11.32	-8.67	-8.87	-4.81	-7.08	-7.4	-4.91	-3.83	-6.63	-4.49	-12.01	-5.3	-2.98	-3.21	-4.76	-5.97	0	0	0	-1
U|G	-6.16	-6.93	-5.94	-0.51	-5.63	-8.41	1.32	-7.36	-7.55	-0.08	-4.27	-2.09	1.14	-4.76	3.36	-4.28	0	0	0	-1
U|U	-9.05	-7.83	-11.07	-2.98	-8.39	-5.41	-3.67	-5.21	-11.54	-3.9	-10.79	-4.45	-3.39	-5.97	-4.28	-0.02	0	0	0	-1
B|R	0	0	0	0	0	0	0	0	0	0	0	0	0	0	0	0	5	5	5	-2
B|L	0	0	0	0	0	0	0	0	0	0	0	0	0	0	0	0	5	5	5	-2
I|N	0	0	0	0	0	0	0	0	0	0	0	0	0	0	0	0	5	5	5	-2
_|_	-1	-1	-1	-1	-1	-1	-1	-1	-1	-1	-1	-1	-1	-1	-1	-1	-2	-2	-2	-1
